function camera_params=DLTCameraParameters()


    %Direct Linear Transformation parameters for each camera.
     camera_params=[ 2.5118	-2.6462	-1.1229
                    -0.11376	-0.019718	2.6538
                    0.4504	0.33696	0.37502
                    55.49	883.07	519.03
                    0.11982	-0.16669	1.6871
                    -2.3531	2.5539	1.247
                    -0.95957	-0.79415	-2.1257
                    650.31	415.13	694.8
                    -1.3442E-06	-0.000021256	0.0011917
                    -0.00040403	0.00036211	0.00081986
                    0.00066481	0.00073332	0.00073611];%From DLT
                
end